1,3:1.5707965056551
1,4:1.57079661280793
1,5:1.57079614793469
1,2:1.57079604078186
2,1:1.57079604078186
2,5:1.57079628466395
2,6:1.57079661280793
2,3:1.57079636892585
3,2:1.57079636892585
3,6:1.57079614793469
3,4:1.57079628466395
3,1:1.5707965056551
4,3:1.57079628466395
4,6:1.57079604078186
4,5:1.57079636892585
4,1:1.57079661280793
5,1:1.57079614793469
5,4:1.57079636892585
5,6:1.5707965056551
5,2:1.57079628466395
6,2:1.57079661280793
6,5:1.5707965056551
6,4:1.57079604078186
6,3:1.57079614793469
